0.88
0.88
0.88
0.88
0.88
0.87
0.87
0.87
0.87
0.87
0.87
0.88
0.87
0.88
0.88
0.88
0.88
0.88
0.88
0.89
0.88
0.89
0.89
0.89
0.89
0.89
0.90
0.89
0.90
0.90
0.91
0.91
0.91
0.91
0.92
0.92
0.92
0.92
0.93
0.93
0.94
0.94
0.95
0.95
0.95
0.96
0.98
0.97
0.98
0.98
0.99
1.01
1.00
1.01
1.01
1.02
1.01
1.02
1.02
1.03
1.03
1.03
1.03
1.04
1.04
1.05
1.06
1.05
1.06
1.06
1.07
1.07
1.08
1.08
1.08
1.08
1.09
1.10
1.09
1.10
1.10
1.10
1.11
1.11
1.11
1.11
1.13
1.12
1.13
1.13
1.13
1.14
1.14
1.14
1.14
1.15
1.15
1.15
1.16
1.16
1.16
1.16
1.16
1.16
1.17
1.17
1.17
1.17
1.17
1.17
1.18
1.18
1.18
1.18
1.18
1.18
1.18
1.18
1.19
1.19
1.18
1.19
1.19
1.19
1.19
1.19
1.19
1.19
1.19
1.19
1.19
1.20
1.19
1.20
1.19
1.20
1.19
1.19
1.20
1.19
1.19
1.19
1.19
1.19
1.19
1.17
1.17
1.17
1.17
1.17
1.17
1.16
1.16
1.16
1.16
1.18
1.32
1.36
1.41
1.45
1.48
1.47
1.47
1.46
1.46
1.45
1.45
1.45
1.45
1.44
1.44
1.44
1.43
1.43
1.42
