-0.77
-0.77
-0.77
-0.69
-0.59
-0.50
-0.43
-0.38
-0.32
-0.27
-0.22
-0.17
-0.12
-0.07
-0.02
-0.01
0.05
0.11
0.14
0.21
0.25
0.31
0.33
0.38
0.46
0.50
0.52
0.57
0.67
0.70
0.72
0.77
0.83
0.87
0.93
0.99
1.04
1.07
1.13
1.18
1.21
1.21
1.24
1.33
1.38
1.45
1.48
1.46
1.48
1.55
1.64
1.69
1.68
1.69
1.76
1.80
1.82
1.87
1.93
1.96
1.96
2.00
2.07
2.12
2.12
2.15
2.20
2.21
2.25
2.33
2.38
2.38
2.40
2.46
2.51
2.52
2.56
2.60
2.61
2.65
2.73
2.81
2.84
2.82
2.83
2.88
2.96
3.00
3.04
3.07
3.13
3.18
3.18
3.19
3.24
3.34
3.42
3.48
3.50
3.46
3.45
3.51
3.63
3.71
3.79
3.84
3.87
3.88
3.90
3.95
4.05
4.13
4.17
4.21
4.23
4.28
4.37
4.42
4.47
4.50
4.52
4.60
4.68
4.72
4.74
4.81
4.87
4.91
4.96
5.01
5.06
5.13
5.17
5.24
5.28
5.32
5.35
5.42
5.49
5.54
5.58
5.65
5.70
5.71
5.75
5.83
5.88
5.95
6.01
6.06
6.12
6.15
6.15
6.14
6.18
6.27
6.34
6.39
6.45
6.52
6.58
6.60
6.61
6.59
6.54
6.50
6.53
6.60
6.69
6.77
6.85
6.90
6.97
7.04
7.10
