-1.48
-1.48
-1.48
-1.52
-1.53
-1.50
-1.46
-1.41
-1.35
-1.29
-1.22
-1.17
-1.10
-1.03
-0.98
-0.95
-0.93
-0.90
-0.87
-0.85
-0.82
-0.79
-0.78
-0.78
-0.76
-0.73
-0.73
-0.74
-0.71
-0.67
-0.68
-0.69
-0.70
-0.70
-0.71
-0.70
-0.69
-0.69
-0.70
-0.70
-0.69
-0.70
-0.75
-0.77
-0.76
-0.76
-0.74
-0.74
-0.78
-0.83
-0.83
-0.81
-0.79
-0.83
-0.87
-0.87
-0.87
-0.90
-0.91
-0.91
-0.91
-0.95
-0.98
-0.97
-0.96
-0.99
-1.01
-1.02
-1.06
-1.08
-1.07
-1.05
-1.08
-1.12
-1.12
-1.12
-1.15
-1.16
-1.17
-1.21
-1.23
-1.23
-1.20
-1.19
-1.23
-1.27
-1.30
-1.29
-1.29
-1.30
-1.32
-1.31
-1.29
-1.32
-1.38
-1.41
-1.39
-1.36
-1.32
-1.31
-1.37
-1.43
-1.48
-1.47
-1.44
-1.40
-1.36
-1.36
-1.39
-1.43
-1.45
-1.43
-1.40
-1.38
-1.38
-1.39
-1.39
-1.36
-1.34
-1.32
-1.33
-1.34
-1.31
-1.28
-1.26
-1.27
-1.24
-1.22
-1.21
-1.20
-1.18
-1.16
-1.13
-1.10
-1.06
-1.03
-1.01
-1.00
-0.97
-0.91
-0.87
-0.83
-0.78
-0.74
-0.72
-0.70
-0.65
-0.61
-0.54
-0.48
-0.41
-0.33
-0.24
-0.22
-0.23
-0.23
-0.20
-0.14
-0.06
0.03
0.12
0.19
0.27
0.35
0.41
0.39
0.34
0.30
0.31
0.35
0.43
0.51
0.60
0.69
0.77
