23
176
24
175
24
175
25
174
25
174
26
173
26
173
27
172
27
172
28
171
28
171
29
170
29
170
30
169
30
169
31
168
31
168
32
167
32
167
33
166
33
166
33
165
34
164
34
164
35
163
35
163
35
162
36
161
36
161
37
160
37
160
37
159
38
158
38
158
38
157
39
156
39
156
39
155
39
154
40
153
40
153
40
152
40
151
40
150
41
149
41
149
41
148
41
147
41
146
41
145
41
144
41
143
41
142
41
141
41
140
41
139
41
138
41
137
40
137
40
136
40
135
40
134
40
133
40
132
39
132
39
131
39
130
39
129
39
128
38
128
38
127
38
126
38
125
37
125
37
124
37
123
37
122
36
122
36
121
36
120
36
119
35
119
35
118
35
117
34
117
34
116
34
115
34
114
33
114
33
113
33
112
33
111
32
111
32
110
32
109
31
109
31
108
31
107
31
106
31
105
30
105
30
104
30
103
30
102
29
102
29
101
29
100
29
99
29
98
28
98
28
97
28
96
28
95
28
94
28
93
28
92
27
92
27
91
27
90
27
89
27
88
27
87
27
86
27
85
27
84
27
83
27
82
27
81
27
80
27
79
27
78
27
77
27
76
28
75
28
75
28
74
28
73
28
72
28
71
29
70
29
70
29
69
29
68
29
67
30
66
30
66
30
65
30
64
31
63
31
63
31
62
31
61
32
60
32
60
32
59
33
58
33
58
33
57
34
56
34
56
34
55
35
54
35
54
36
53
36
53
36
52
37
51
37
51
38
50
38
50
39
49
39
49
39
48
40
47
40
47
41
46
41
46
42
45
42
45
43
44
43
44
44
43
44
43
45
42
45
42
46
41
46
41
47
40
48
40
48
40
49
39
49
39
50
38
50
38
51
37
51
37
52
36
53
36
53
36
54
35
54
35
55
34
56
34
56
34
57
33
57
33
58
32
59
32
59
32
60
31
60
31
61
30
62
30
62
30
63
29
64
29
64
29
65
28
65
28
66
27
67
27
67
27
68
26
69
26
69
26
70
25
71
25
